Validating runs/detect/yolo_origin去大核/weights/best.pt...
Ultralytics 8.3.139 🚀 Python-3.10.11 torch-2.7.0+cu126 CUDA:0 (Tesla T4, 14928MiB)
YOLOv8n (nc=62) - 去大核 summary (fused): 58 layers, 3,230,220 parameters, 0 gradients, 6.4 GFLOPs
                 Class     Images  Instances      Box(P          R      mAP50  mAP50-95): 100%|██████████| 125/125 [00:34<00:00,  3.67it/s]
                   all       4000      16000       0.99      0.989      0.993      0.962
                     0        256        262      0.843       0.95      0.969      0.939
                     1        228        238      0.998          1      0.995      0.958
                     2        240        251      0.998          1      0.995      0.968
                     3        254        260          1      0.998      0.995      0.969
                     4        258        265      0.998          1      0.995      0.944
                     5        242        246          1      0.998      0.995      0.968
                     6        260        270      0.996      0.996      0.995      0.961
                     7        248        252          1      0.992      0.995      0.951
                     8        269        277          1      0.999      0.995      0.967
                     9        241        246          1      0.997      0.995      0.962
                     a        260        269      0.998          1      0.995      0.956
                     b        236        241      0.995          1      0.995      0.971
                     c        255        264      0.998          1      0.995      0.968
                     d        234        243          1          1      0.995      0.959
                     e        267        274      0.999          1      0.995      0.967
                     f        251        257      0.997          1      0.995      0.955
                     g        261        266      0.997          1      0.995      0.971
                     h        250        256          1      0.996      0.995      0.963
                     i        250        258      0.998      0.996      0.995       0.95
                     j        249        251      0.999          1      0.995      0.965
                     k        241        247      0.994          1      0.995      0.957
                     l        270        277      0.998      0.996      0.995      0.952
                     m        220        226      0.995          1      0.995      0.968
                     n        241        248      0.997      0.996      0.995      0.969
                     o        231        237      0.963          1      0.995      0.964
                     p        273        278      0.996          1      0.995      0.972
                     q        253        263      0.998      0.996      0.995      0.971
                     r        237        245          1          1      0.995      0.954
                     s        262        270      0.991          1      0.995      0.964
                     t        231        235      0.999          1      0.995      0.944
                     u        261        273      0.989      0.996      0.995      0.971
                     v        225        232      0.921       0.95       0.98      0.948
                     w        275        282          1      0.995      0.995      0.957
                     x        229        236      0.928      0.975      0.988      0.956
                     y        247        256      0.999          1      0.995      0.964
                     z        248        255      0.933      0.992      0.992      0.968
                     A        254        259      0.998      0.996      0.995      0.955
                     B        296        301      0.998          1      0.995      0.978
                     C        243        254      0.999          1      0.995      0.969
                     D        254        267      0.998          1      0.995      0.971
                     E        242        250      0.998          1      0.995       0.97
                     F        236        237          1          1      0.995      0.963
                     G        259        268      0.997          1      0.995      0.972
                     H        257        265      0.999          1      0.995      0.975
                     I        254        264      0.991      0.992      0.995      0.967
                     J        256        261          1      0.997      0.995      0.948
                     K        273        279      0.999          1      0.995      0.965
                     L        266        273          1      0.998      0.995      0.958
                     M        273        282          1      0.998      0.995      0.969
                     N        263        272      0.995          1      0.995      0.971
                     O        262        266      0.958      0.762      0.965      0.932
                     P        237        239      0.999      0.996      0.995      0.972
                     Q        249        254      0.999          1      0.995      0.967
                     R        217        224      0.995          1      0.995      0.973
                     S        267        271          1      0.994      0.995      0.968
                     T        243        251      0.999          1      0.995       0.95
                     U        255        260      0.997      0.992      0.995      0.976
                     V        250        261      0.959      0.916      0.982      0.937
                     W        271        279      0.998      0.993      0.995      0.961
                     X        263        274       0.98      0.942      0.992      0.952
                     Y        235        237      0.999          1      0.995      0.952
                     Z        241        246      0.991      0.924      0.992      0.972
Speed: 0.0ms preprocess, 0.3ms inference, 0.0ms loss, 0.9ms postprocess per image